3
5
10
101
102
103
104
105
106
107
108
109
110
111
112
113
114
115
116
117
118
119
120
121
122
123
124
125
126
127
128
129
130
131
132
133
134
135
136
137
138
139
140
141
142
143
144
145
146
147
148
150
151
152
153
154
155
156
157
158
159
160
161
162
163
164
165
166
167
168
169
170
171
172
173
174
175
176
177
178
179
180
181
182
183
184
185
186
188
191
192
194
195
196
198
199
200
201
202
203
204
205
206
207
209
210
211
212
213
214
215
216
217
218
219
220
221
222
223
224
225
226
227
228
229
230
231
232
233
234
235
236
237
238
239
240
241
242
243
244
245
247
248
249
250
251
252
253
254
255
256
257
258
259
260
262
263
264
265
266
267
268
270
271
272
274
275
276
277
278
279
280
281
282
283
284
285
286
287
289
291
292
300
301
302
303
304
305
306
307
308
309
310
311
312
313
314
315
316
318
320
321
322
324
326
327
328
329
330
331
332
334
335
336
337
338
339
340
341
342
343
344
345
346
347
348
349
351
352
353
354
355
356
358
359
361
362
363
364
367
368
369
370
371
372
373
374
375
377
378
379
380
381
382
383
384
385
386
387
388
389
390
391
393
394
395
397
398
399
400
401
402
403
405
406
407
408
409
410
411
412
413
414
415
416
417
418
419
420
421
422
424
425
426
427
429
430
431
432
438
446
447
449
450
451
452
453
454
455
456
457
458
461
500
501
502
503
504
505
506
507
508
509
510
511
512
513
514
515
516
518
519
520
521
522
523
524
525
526
529
530
533
534
535
536
537
538
539
540
542
543
544
546
548
549
550
551
552
553
554
555
556
557
558
559
560
561
562
563
564
565
567
568
569
571
572
573
574
575
576
577
578
579
580
581
582
583
584
585
586
587
588
589
590
591
592
593
594
600
601
602
604
605
606
607
608
609
610
612
613
614
615
616
617
621
622
623
624
625
626
627
628
630
631
633
634
635
636
637
638
639
640
641
642
643
646
647
648
650
651
652
654
656
657
658
659
660
661
700
701
702
703
704
706
707
708
709
710
711
712
713
714
716
719
720
722
723
724
725
726
729
731
732
733
734
735
736
737
739
740
741
742
743
744
745
746
747
748
749
750
752
754
755
756
757
758
759
760
762
763
764
800
802
803
805
806
807
808
809
810
811
812
813
815
816
817
818
819
820
822
823
825
826
827
828
829
830
831
832
834
835
836
837
838
840
841
844
845
900
901
902
903
904
905
906
907
908
909
911
912
913
914
915
916
917
919
921
922
923
924
925
926
927
928
930
931
932
933
934
935
937
938
939
941
942
943
945
946
947
948
949
950
951
952
953
954
956
958
959
960
961
962
963
964
965
966
967
968
1001
1002
1003
1004
1006
1007
1008
1009
1010
1011
1012
1013
1014
1015
1016
1017
1018
1019
1020
1021
1022
1023
1024
1025
1026
1027
1028
1029
1030
1031
1032
1033
1034
1035
1036
1037
1038
1039
1040
1041
1042
1044
1047
1048
1049
1050
1051
1052
1053
1054
1056
1057
1058
1059
1060
1061
1062
1101
1102
1103
1105
1106
1108
1109
1110
1111
1112
1113
1114
1115
1117
1118
1119
1120
1121
1122
1123
1124
1125
1126
1127
1128
1129
1130
1131
1132
1135
1136
1137
1139
1140
1141
1145
1146
1148
1149
1150
1151
1152
1153
1155
1157
1158
1159
1160
1161
1162
1163
1165
1166
1167
1168
1169
1170
1171
1172
1173
1174
1175
1177
1178
1180
1181
1182
1184
1185
1186
1188
1190
1191
1194
1195
1196
1197
1198
1201
1203
1204
1205
1206
1207
1208
1209
1210
1211
1212
1213
1214
1215
1217
1218
1220
1221
1222
1224
1226
1227
1228
1229
1230
1231
1232
1233
1235
1239
1240
1241
1242
1243
1244
1245
1246
1247
1248
1249
1250
1251
1253
1256
1257
1258
1259
1260
1262
1263
1264
1265
1266
1267
1268
1269
1271
1274
1275
1277
1278
1279
1280
1282
1283
1285
1286
1287
1288
1289
1290
1291
1293
1295
1296
1297
1299
1300
1302
1303
1304
1305
1306
1308
1313
1314
1315
1316
1317
1318
1319
1320
1321
1322
1323
1325
1326
1327
1328
1332
1333
1334
1336
1337
1338
1339
1340
1342
1343
1344
1346
1347
1348
1349
1351
1352
1353
1354
1355
1357
1358
1359
1360
1361
1362
1363
1364
1365
1366
1367
1368
1369
1370
1372
1373
1401
1402
1403
1404
1405
1406
1407
1408
1410
1411
1412
1413
1414
1416
1418
1420
1421
1422
1424
1425
1426
1427
1428
1429
1430
1431
1433
1434
1435
1436
1437
1438
1440
1441
1442
1443
1444
1445
1446
1447
1448
1449
1450
1451
1452
1453
1454
1455
1456
1457
1458
1459
1501
1503
1504
1506
1509
1510
1511
1512
1513
1514
1515
1516
1518
1519
1520
1522
1525
1526
1527
1528
1529
1530
1531
1532
1533
1534
1535
1536
1537
1538
1539
1540
1541
1542
1543
1545
1546
1601
1602
1603
1605
1606
1608
1610
1611
1616
1617
1619
1620
1623
1625
1627
1628
1630
1634
1635
1636
1637
1639
1640
1641
1642
1643
1646
1650
1651
1652
1653
1654
1655
1656
1657
1659
1660
1661
1662
1663
1664
1665
1666
1667
1668
1669
1670
1671
1672
1673
1674
1675
1677
1678
1679
1680
1681
1682
1683
1684
1685
1686
1687
1688
1689
1690
1691
1702
1703
1705
1706
1707
1708
1709
1712
1713
1714
1715
1716
1717
1719
1720
1721
1722
1723
1725
1726
1727
1728
1729
1730
1732
1733
1734
1735
1736
1737
1741
1804
1805
1806
1808
1809
1812
1814
1816
1819
1820
1821
1822
1823
1824
1825
1826
1827
1828
1829
1830
1831
1833
1834
1835
1836
1839
1840
1841
1842
1843
1845
1846
1847
1848
1849
1850
1851
1853
1854
1855
1856
1857
1858
1901
1904
1906
1907
1908
1910
1911
1912
1913
1914
1916
1920
1924
1925
1928
1929
1930
1931
1933
1936
1937
1940
1941
1943
1946
1951
1952
1953
1955
1956
1957
1958
1959
1960
1961
1962
1963
1964
1965
1966
1967
1968
1969
1971
1973
1974
1975
1976
1977
1979
1981
1983
1984
1985
1986
1987
1988
1991
1992
1993
1994
2002
2003
2007
2008
2009
2012
2013
2015
2016
2020
2024
2025
2026
2027
2028
2032
2033
2034
2036
2037
2038
2040
2041
2048
2050
2054
2056
2057
2058
2059
2060
2061
2062
2063
2064
2065
2066
2067
2068
2069
2070
2102
2103
2104
2105
2106
2107
2108
2109
2110
2111
2112
2113
2115
2116
2119
2122
2127
2128
2129
2130
2135
2136
2137
2139
2140
2141
2143
2144
2145
2148
2153
2156
2157
2159
2160
2164
2165
2167
2169
2170
2171
2172
2173
2174
2175
2176
2177
2178
2179
2180
2184
2201
2202
2203
2205
2206
2207
2210
2211
2212
2213
2214
2215
2217
2219
2220
2221
2222
2223
2224
2225
2226
2227
2228
2229
2230
2231
2233
2235
2237
2239
2241
2242
2243
2244
2245
2246
2247
2248
2249
2250
2251
2252
2255
2256
2257
2258
2259
2262
2263
2264
2265
2266
2268
2269
2270
2271
2272
2273
2274
2275
2276
2277
2279
2280
2281
2282
2283
2284
2285
2286
2287
2288
2289
2290
2292
2293
2294
2297
2298
2299
2301
2302
2303
2304
2305
2306
2307
2308
2309
2310
2311
2312
2313
2314
2315
2316
2317
2318
2319
2320
2321
2322
2323
2324
2325
2326
2327
2328
2329
2330
2331
2332
2333
2334
2335
2336
2337
2339
2340
2341
2342
2343
2344
2347
2348
2349
2350
2351
2352
2353
2354
2355
2356
2357
2358
2359
2360
2361
2362
2363
2364
2365
2368
2369
2370
2371
2372
2373
2375
2376
2377
2380
2381
2382
2383
2384
2385
2386
2387
2388
2389
2390
2391
2392
2393
2394
2395
2396
2398
2401
2403
2404
2405
2406
2407
2408
2501
2502
2503
2504
2505
2506
2508
2509
2601
2603
2604
2605
2606
2607
2608
2616
2617
3100
3101
3102
3103
3104
3105
3106
3107
3500
3501
3502
3503
3504
3505
3506
3507
3508
3509
3510
3511
3513
3514
3515
3516
3517
3518
3519
3520
3521
3522
3523
3524
3525
3527
3528
3529
3530
3531
3532
3533
3534
3535
3536
3537
3538
9999
